MSE: 0.08937374946820995
MAE: 0.24483445584774016