MSE: 0.1028316242798057
MAE: 0.2622763067483902