MSE: 0.010130459101707113
MAE: 0.07939520925283432