MSE: 0.010053886239991075
MAE: 0.0791698269546032