MSE: 0.03197488997594777
MAE: 0.1448607474565506