MSE: 0.031655814966576996
MAE: 0.1438882201910019