MSE: 0.08944523414327683
MAE: 0.24544644653797149