MSE: 0.010284663495418112
MAE: 0.07990578711032867