MSE: 0.03189627407113184
MAE: 0.1444755345582962