MSE: 0.010166159180957264
MAE: 0.07976413890719414