MSE: 0.03180477101428233
MAE: 0.14411523342132568