MSE: 0.010195132895485447
MAE: 0.07975277379155159