MSE: 0.03174762153937578
MAE: 0.1440540075302124