MSE: 0.08950087131826945
MAE: 0.24577445685863494