MSE: 0.09512925706298898
MAE: 0.2502969056367874