MSE: 0.010114850980818543
MAE: 0.0793822504580021