MSE: 0.13754902210496606
MAE: 0.30216211676597593