MSE: 0.010009081072741144
MAE: 0.0788131482899189