MSE: 0.010117261689975945
MAE: 0.07925926446914673