MSE: 0.03177869981896561
MAE: 0.14422993063926698