MSE: 0.03182113358336287
MAE: 0.14453253746032715