MSE: 0.0318647483813503
MAE: 0.14468285143375398