MSE: 0.09047184646041695
MAE: 0.24645921289920808