MSE: 0.08789309110178553
MAE: 0.2464076191186905